-1.9984375
-1.9968750000000002
-1.9953125000000003
-1.9937500000000004
-1.9921875000000004
-1.9906250000000005
-1.9890625000000006
-1.9875000000000007
-1.9859375000000008
-1.9843750000000009
-1.982812500000001
-1.981250000000001
-1.9796875000000012
-1.9781250000000012
-1.9765625000000013
-1.9750000000000014
-1.9734375000000015
-1.9718750000000016
-1.9703125000000017
-1.9687500000000018
-1.9671875000000019
-1.965625000000002
-1.964062500000002
-1.9625000000000021
-1.9609375000000022
-1.9593750000000023
-1.9578125000000024
-1.9562500000000025
-1.9546875000000026
-1.9531250000000027
-1.9515625000000028
-1.9500000000000028
-1.948437500000003
-1.946875000000003
-1.945312500000003
-1.9437500000000032
-1.9421875000000033
-1.9406250000000034
-1.9390625000000035
-1.9375000000000036
-1.9359375000000036
-1.9343750000000037
-1.9328125000000038
-1.931250000000004
-1.929687500000004
-1.928125000000004
-1.9265625000000042
-1.9250000000000043
-1.9234375000000044
-1.9218750000000044
-1.9203125000000045
-1.9187500000000046
-1.9171875000000047
-1.9156250000000048
-1.9140625000000049
-1.912500000000005
-1.910937500000005
-1.9093750000000052
-1.9078125000000052
-1.9062500000000053
-1.9046875000000054
-1.9031250000000055
-1.9015625000000056
-1.9000000000000057
-1.8984375000000058
-1.8968750000000059
-1.895312500000006
-1.893750000000006
-1.8921875000000061
-1.8906250000000062
-1.8890625000000063
-1.8875000000000064
-1.8859375000000065
-1.8843750000000066
-1.8828125000000067
-1.8812500000000068
-1.8796875000000068
-1.878125000000007
-1.876562500000007
-1.875000000000007
-1.8734375000000072
-1.8718750000000073
-1.8703125000000074
-1.8687500000000075
-1.8671875000000075
-1.8656250000000076
-1.8640625000000077
-1.8625000000000078
-1.860937500000008
-1.859375000000008
-1.857812500000008
-1.8562500000000082
-1.8546875000000083
-1.8531250000000083
-1.8515625000000084
-1.8500000000000085
-1.8484375000000086
-1.8468750000000087
-1.8453125000000088
-1.8437500000000089
-1.842187500000009
-1.840625000000009
-1.8390625000000091
-1.8375000000000092
-1.8359375000000093
-1.8343750000000094
-1.8328125000000095
-1.8312500000000096
-1.8296875000000097
-1.8281250000000098
-1.8265625000000099
-1.82500000000001
-1.82343750000001
-1.8218750000000101
-1.8203125000000102
-1.8187500000000103
-1.8171875000000104
-1.8156250000000105
-1.8140625000000106
-1.8125000000000107
-1.8109375000000107
-1.8093750000000108
-1.807812500000011
-1.806250000000011
-1.804687500000011
-1.8031250000000112
-1.8015625000000113
-1.8000000000000114
-1.7984375000000115
-1.7968750000000115
-1.7953125000000116
-1.7937500000000117
-1.7921875000000118
-1.790625000000012
-1.789062500000012
-1.787500000000012
-1.7859375000000122
-1.7843750000000123
-1.7828125000000123
-1.7812500000000124
-1.7796875000000125
-1.7781250000000126
-1.7765625000000127
-1.7750000000000128
-1.7734375000000129
-1.771875000000013
-1.770312500000013
-1.7687500000000131
-1.7671875000000132
-1.7656250000000133
-1.7640625000000134
-1.7625000000000135
-1.7609375000000136
-1.7593750000000137
-1.7578125000000138
-1.7562500000000139
-1.754687500000014
-1.753125000000014
-1.7515625000000141
-1.7500000000000142
-1.7484375000000143
-1.7468750000000144
-1.7453125000000145
-1.7437500000000146
-1.7421875000000147
-1.7406250000000147
-1.7390625000000148
-1.737500000000015
-1.735937500000015
-1.734375000000015
-1.7328125000000152
-1.7312500000000153
-1.7296875000000154
-1.7281250000000155
-1.7265625000000155
-1.7250000000000156
-1.7234375000000157
-1.7218750000000158
-1.720312500000016
-1.718750000000016
-1.717187500000016
-1.7156250000000162
-1.7140625000000163
-1.7125000000000163
-1.7109375000000164
-1.7093750000000165
-1.7078125000000166
-1.7062500000000167
-1.7046875000000168
-1.7031250000000169
-1.701562500000017
-1.700000000000017
-1.6984375000000171
-1.6968750000000172
-1.6953125000000173
-1.6937500000000174
-1.6921875000000175
-1.6906250000000176
-1.6890625000000177
-1.6875000000000178
-1.6859375000000179
-1.684375000000018
-1.682812500000018
-1.6812500000000181
-1.6796875000000182
-1.6781250000000183
-1.6765625000000184
-1.6750000000000185
-1.6734375000000186
-1.6718750000000187
-1.6703125000000187
-1.6687500000000188
-1.667187500000019
-1.665625000000019
-1.664062500000019
-1.6625000000000192
-1.6609375000000193
-1.6593750000000194
-1.6578125000000195
-1.6562500000000195
-1.6546875000000196
-1.6531250000000197
-1.6515625000000198
-1.65000000000002
-1.64843750000002
-1.64687500000002
-1.6453125000000202
-1.6437500000000203
-1.6421875000000203
-1.6406250000000204
-1.6390625000000205
-1.6375000000000206
-1.6359375000000207
-1.6343750000000208
-1.6328125000000209
-1.631250000000021
-1.629687500000021
-1.6281250000000211
-1.6265625000000212
-1.6250000000000213
-1.6234375000000214
-1.6218750000000215
-1.6203125000000216
-1.6187500000000217
-1.6171875000000218
-1.6156250000000218
-1.614062500000022
-1.612500000000022
-1.6109375000000221
-1.6093750000000222
-1.6078125000000223
-1.6062500000000224
-1.6046875000000225
-1.6031250000000226
-1.6015625000000226
-1.6000000000000227
-1.5984375000000228
-1.596875000000023
-1.595312500000023
-1.593750000000023
-1.5921875000000232
-1.5906250000000233
-1.5890625000000234
-1.5875000000000234
-1.5859375000000235
-1.5843750000000236
-1.5828125000000237
-1.5812500000000238
-1.579687500000024
-1.578125000000024
-1.576562500000024
-1.5750000000000242
-1.5734375000000242
-1.5718750000000243
-1.5703125000000244
-1.5687500000000245
-1.5671875000000246
-1.5656250000000247
-1.5640625000000248
-1.5625000000000249
-1.560937500000025
-1.559375000000025
-1.5578125000000251
-1.5562500000000252
-1.5546875000000253
-1.5531250000000254
-1.5515625000000255
-1.5500000000000256
-1.5484375000000257
-1.5468750000000258
-1.5453125000000258
-1.543750000000026
-1.542187500000026
-1.5406250000000261
-1.5390625000000262
-1.5375000000000263
-1.5359375000000264
-1.5343750000000265
-1.5328125000000266
-1.5312500000000266
-1.5296875000000267
-1.5281250000000268
-1.526562500000027
-1.525000000000027
-1.523437500000027
-1.5218750000000272
-1.5203125000000273
-1.5187500000000274
-1.5171875000000274
-1.5156250000000275
-1.5140625000000276
-1.5125000000000277
-1.5109375000000278
-1.5093750000000279
-1.507812500000028
-1.506250000000028
-1.5046875000000282
-1.5031250000000282
-1.5015625000000283
-1.5000000000000284
-1.4984375000000285
-1.4968750000000286
-1.4953125000000287
-1.4937500000000288
-1.4921875000000289
-1.490625000000029
-1.489062500000029
-1.4875000000000291
-1.4859375000000292
-1.4843750000000293
-1.4828125000000294
-1.4812500000000295
-1.4796875000000296
-1.4781250000000297
-1.4765625000000298
-1.4750000000000298
-1.47343750000003
-1.47187500000003
-1.47031250000003
-1.4687500000000302
-1.4671875000000303
-1.4656250000000304
-1.4640625000000305
-1.4625000000000306
-1.4609375000000306
-1.4593750000000307
-1.4578125000000308
-1.456250000000031
-1.454687500000031
-1.453125000000031
-1.4515625000000312
-1.4500000000000313
-1.4484375000000314
-1.4468750000000314
-1.4453125000000315
-1.4437500000000316
-1.4421875000000317
-1.4406250000000318
-1.4390625000000319
-1.437500000000032
-1.435937500000032
-1.4343750000000322
-1.4328125000000322
-1.4312500000000323
-1.4296875000000324
-1.4281250000000325
-1.4265625000000326
-1.4250000000000327
-1.4234375000000328
-1.4218750000000329
-1.420312500000033
-1.418750000000033
-1.4171875000000331
-1.4156250000000332
-1.4140625000000333
-1.4125000000000334
-1.4109375000000335
-1.4093750000000336
-1.4078125000000337
-1.4062500000000338
-1.4046875000000338
-1.403125000000034
-1.401562500000034
-1.400000000000034
-1.3984375000000342
-1.3968750000000343
-1.3953125000000344
-1.3937500000000345
-1.3921875000000346
-1.3906250000000346
-1.3890625000000347
-1.3875000000000348
-1.385937500000035
-1.384375000000035
-1.382812500000035
-1.3812500000000352
-1.3796875000000353
-1.3781250000000353
-1.3765625000000354
-1.3750000000000355
-1.3734375000000356
-1.3718750000000357
-1.3703125000000358
-1.3687500000000359
-1.367187500000036
-1.365625000000036
-1.3640625000000361
-1.3625000000000362
-1.3609375000000363
-1.3593750000000364
-1.3578125000000365
-1.3562500000000366
-1.3546875000000367
-1.3531250000000368
-1.3515625000000369
-1.350000000000037
-1.348437500000037
-1.3468750000000371
-1.3453125000000372
-1.3437500000000373
-1.3421875000000374
-1.3406250000000375
-1.3390625000000376
-1.3375000000000377
-1.3359375000000377
-1.3343750000000378
-1.332812500000038
-1.331250000000038
-1.329687500000038
-1.3281250000000382
-1.3265625000000383
-1.3250000000000384
-1.3234375000000385
-1.3218750000000385
-1.3203125000000386
-1.3187500000000387
-1.3171875000000388
-1.315625000000039
-1.314062500000039
-1.312500000000039
-1.3109375000000392
-1.3093750000000393
-1.3078125000000393
-1.3062500000000394
-1.3046875000000395
-1.3031250000000396
-1.3015625000000397
-1.3000000000000398
-1.2984375000000399
-1.29687500000004
-1.29531250000004
-1.2937500000000401
-1.2921875000000402
-1.2906250000000403
-1.2890625000000404
-1.2875000000000405
-1.2859375000000406
-1.2843750000000407
-1.2828125000000408
-1.2812500000000409
-1.279687500000041
-1.278125000000041
-1.2765625000000411
-1.2750000000000412
-1.2734375000000413
-1.2718750000000414
-1.2703125000000415
-1.2687500000000416
-1.2671875000000417
-1.2656250000000417
-1.2640625000000418
-1.262500000000042
-1.260937500000042
-1.259375000000042
-1.2578125000000422
-1.2562500000000423
-1.2546875000000424
-1.2531250000000425
-1.2515625000000425
-1.2500000000000426
-1.2484375000000427
-1.2468750000000428
-1.245312500000043
-1.243750000000043
-1.242187500000043
-1.2406250000000432
-1.2390625000000433
-1.2375000000000433
-1.2359375000000434
-1.2343750000000435
-1.2328125000000436
-1.2312500000000437
-1.2296875000000438
-1.2281250000000439
-1.226562500000044
-1.225000000000044
-1.2234375000000441
-1.2218750000000442
-1.2203125000000443
-1.2187500000000444
-1.2171875000000445
-1.2156250000000446
-1.2140625000000447
-1.2125000000000448
-1.2109375000000449
-1.209375000000045
-1.207812500000045
-1.2062500000000451
-1.2046875000000452
-1.2031250000000453
-1.2015625000000454
-1.2000000000000455
-1.1984375000000456
-1.1968750000000457
-1.1953125000000457
-1.1937500000000458
-1.192187500000046
-1.190625000000046
-1.189062500000046
-1.1875000000000462
-1.1859375000000463
-1.1843750000000464
-1.1828125000000465
-1.1812500000000465
-1.1796875000000466
-1.1781250000000467
-1.1765625000000468
-1.175000000000047
-1.173437500000047
-1.171875000000047
-1.1703125000000472
-1.1687500000000473
-1.1671875000000473
-1.1656250000000474
-1.1640625000000475
-1.1625000000000476
-1.1609375000000477
-1.1593750000000478
-1.1578125000000479
-1.156250000000048
-1.154687500000048
-1.1531250000000481
-1.1515625000000482
-1.1500000000000483
-1.1484375000000484
-1.1468750000000485
-1.1453125000000486
-1.1437500000000487
-1.1421875000000488
-1.1406250000000488
-1.139062500000049
-1.137500000000049
-1.1359375000000491
-1.1343750000000492
-1.1328125000000493
-1.1312500000000494
-1.1296875000000495
-1.1281250000000496
-1.1265625000000496
-1.1250000000000497
-1.1234375000000498
-1.12187500000005
-1.12031250000005
-1.11875000000005
-1.1171875000000502
-1.1156250000000503
-1.1140625000000504
-1.1125000000000504
-1.1109375000000505
-1.1093750000000506
-1.1078125000000507
-1.1062500000000508
-1.104687500000051
-1.103125000000051
-1.101562500000051
-1.1000000000000512
-1.0984375000000512
-1.0968750000000513
-1.0953125000000514
-1.0937500000000515
-1.0921875000000516
-1.0906250000000517
-1.0890625000000518
-1.0875000000000519
-1.085937500000052
-1.084375000000052
-1.0828125000000521
-1.0812500000000522
-1.0796875000000523
-1.0781250000000524
-1.0765625000000525
-1.0750000000000526
-1.0734375000000527
-1.0718750000000528
-1.0703125000000528
-1.068750000000053
-1.067187500000053
-1.0656250000000531
-1.0640625000000532
-1.0625000000000533
-1.0609375000000534
-1.0593750000000535
-1.0578125000000536
-1.0562500000000536
-1.0546875000000537
-1.0531250000000538
-1.051562500000054
-1.050000000000054
-1.048437500000054
-1.0468750000000542
-1.0453125000000543
-1.0437500000000544
-1.0421875000000544
-1.0406250000000545
-1.0390625000000546
-1.0375000000000547
-1.0359375000000548
-1.034375000000055
-1.032812500000055
-1.031250000000055
-1.0296875000000552
-1.0281250000000552
-1.0265625000000553
-1.0250000000000554
-1.0234375000000555
-1.0218750000000556
-1.0203125000000557
-1.0187500000000558
-1.0171875000000559
-1.015625000000056
-1.014062500000056
-1.0125000000000561
-1.0109375000000562
-1.0093750000000563
-1.0078125000000564
-1.0062500000000565
-1.0046875000000566
-1.0031250000000567
-1.0015625000000568
-1.0000000000000568
-0.9984375000000568
-0.9968750000000568
-0.9953125000000568
-0.9937500000000568
-0.9921875000000567
-0.9906250000000567
-0.9890625000000567
-0.9875000000000567
-0.9859375000000566
-0.9843750000000566
-0.9828125000000566
-0.9812500000000566
-0.9796875000000566
-0.9781250000000565
-0.9765625000000565
-0.9750000000000565
-0.9734375000000565
-0.9718750000000564
-0.9703125000000564
-0.9687500000000564
-0.9671875000000564
-0.9656250000000564
-0.9640625000000563
-0.9625000000000563
-0.9609375000000563
-0.9593750000000563
-0.9578125000000562
-0.9562500000000562
-0.9546875000000562
-0.9531250000000562
-0.9515625000000562
-0.9500000000000561
-0.9484375000000561
-0.9468750000000561
-0.9453125000000561
-0.943750000000056
-0.942187500000056
-0.940625000000056
-0.939062500000056
-0.937500000000056
-0.9359375000000559
-0.9343750000000559
-0.9328125000000559
-0.9312500000000559
-0.9296875000000558
-0.9281250000000558
-0.9265625000000558
-0.9250000000000558
-0.9234375000000558
-0.9218750000000557
-0.9203125000000557
-0.9187500000000557
-0.9171875000000557
-0.9156250000000556
-0.9140625000000556
-0.9125000000000556
-0.9109375000000556
-0.9093750000000556
-0.9078125000000555
-0.9062500000000555
-0.9046875000000555
-0.9031250000000555
-0.9015625000000554
-0.9000000000000554
-0.8984375000000554
-0.8968750000000554
-0.8953125000000554
-0.8937500000000553
-0.8921875000000553
-0.8906250000000553
-0.8890625000000553
-0.8875000000000552
-0.8859375000000552
-0.8843750000000552
-0.8828125000000552
-0.8812500000000552
-0.8796875000000551
-0.8781250000000551
-0.8765625000000551
-0.8750000000000551
-0.873437500000055
-0.871875000000055
-0.870312500000055
-0.868750000000055
-0.867187500000055
-0.8656250000000549
-0.8640625000000549
-0.8625000000000549
-0.8609375000000549
-0.8593750000000548
-0.8578125000000548
-0.8562500000000548
-0.8546875000000548
-0.8531250000000548
-0.8515625000000547
-0.8500000000000547
-0.8484375000000547
-0.8468750000000547
-0.8453125000000546
-0.8437500000000546
-0.8421875000000546
-0.8406250000000546
-0.8390625000000546
-0.8375000000000545
-0.8359375000000545
-0.8343750000000545
-0.8328125000000545
-0.8312500000000544
-0.8296875000000544
-0.8281250000000544
-0.8265625000000544
-0.8250000000000544
-0.8234375000000543
-0.8218750000000543
-0.8203125000000543
-0.8187500000000543
-0.8171875000000542
-0.8156250000000542
-0.8140625000000542
-0.8125000000000542
-0.8109375000000542
-0.8093750000000541
-0.8078125000000541
-0.8062500000000541
-0.8046875000000541
-0.803125000000054
-0.801562500000054
-0.800000000000054
-0.798437500000054
-0.796875000000054
-0.7953125000000539
-0.7937500000000539
-0.7921875000000539
-0.7906250000000539
-0.7890625000000538
-0.7875000000000538
-0.7859375000000538
-0.7843750000000538
-0.7828125000000538
-0.7812500000000537
-0.7796875000000537
-0.7781250000000537
-0.7765625000000537
-0.7750000000000536
-0.7734375000000536
-0.7718750000000536
-0.7703125000000536
-0.7687500000000536
-0.7671875000000535
-0.7656250000000535
-0.7640625000000535
-0.7625000000000535
-0.7609375000000534
-0.7593750000000534
-0.7578125000000534
-0.7562500000000534
-0.7546875000000534
-0.7531250000000533
-0.7515625000000533
-0.7500000000000533
-0.7484375000000533
-0.7468750000000532
-0.7453125000000532
-0.7437500000000532
-0.7421875000000532
-0.7406250000000532
-0.7390625000000531
-0.7375000000000531
-0.7359375000000531
-0.7343750000000531
-0.732812500000053
-0.731250000000053
-0.729687500000053
-0.728125000000053
-0.726562500000053
-0.7250000000000529
-0.7234375000000529
-0.7218750000000529
-0.7203125000000529
-0.7187500000000528
-0.7171875000000528
-0.7156250000000528
-0.7140625000000528
-0.7125000000000528
-0.7109375000000527
-0.7093750000000527
-0.7078125000000527
-0.7062500000000527
-0.7046875000000526
-0.7031250000000526
-0.7015625000000526
-0.7000000000000526
-0.6984375000000526
-0.6968750000000525
-0.6953125000000525
-0.6937500000000525
-0.6921875000000525
-0.6906250000000524
-0.6890625000000524
-0.6875000000000524
-0.6859375000000524
-0.6843750000000524
-0.6828125000000523
-0.6812500000000523
-0.6796875000000523
-0.6781250000000523
-0.6765625000000522
-0.6750000000000522
-0.6734375000000522
-0.6718750000000522
-0.6703125000000522
-0.6687500000000521
-0.6671875000000521
-0.6656250000000521
-0.6640625000000521
-0.662500000000052
-0.660937500000052
-0.659375000000052
-0.657812500000052
-0.656250000000052
-0.6546875000000519
-0.6531250000000519
-0.6515625000000519
-0.6500000000000519
-0.6484375000000518
-0.6468750000000518
-0.6453125000000518
-0.6437500000000518
-0.6421875000000518
-0.6406250000000517
-0.6390625000000517
-0.6375000000000517
-0.6359375000000517
-0.6343750000000516
-0.6328125000000516
-0.6312500000000516
-0.6296875000000516
-0.6281250000000516
-0.6265625000000515
-0.6250000000000515
-0.6234375000000515
-0.6218750000000515
-0.6203125000000514
-0.6187500000000514
-0.6171875000000514
-0.6156250000000514
-0.6140625000000514
-0.6125000000000513
-0.6109375000000513
-0.6093750000000513
-0.6078125000000513
-0.6062500000000512
-0.6046875000000512
-0.6031250000000512
-0.6015625000000512
-0.6000000000000512
-0.5984375000000511
-0.5968750000000511
-0.5953125000000511
-0.5937500000000511
-0.592187500000051
-0.590625000000051
-0.589062500000051
-0.587500000000051
-0.585937500000051
-0.5843750000000509
-0.5828125000000509
-0.5812500000000509
-0.5796875000000509
-0.5781250000000508
-0.5765625000000508
-0.5750000000000508
-0.5734375000000508
-0.5718750000000508
-0.5703125000000507
-0.5687500000000507
-0.5671875000000507
-0.5656250000000507
-0.5640625000000506
-0.5625000000000506
-0.5609375000000506
-0.5593750000000506
-0.5578125000000506
-0.5562500000000505
-0.5546875000000505
-0.5531250000000505
-0.5515625000000505
-0.5500000000000504
-0.5484375000000504
-0.5468750000000504
-0.5453125000000504
-0.5437500000000504
-0.5421875000000503
-0.5406250000000503
-0.5390625000000503
-0.5375000000000503
-0.5359375000000502
-0.5343750000000502
-0.5328125000000502
-0.5312500000000502
-0.5296875000000502
-0.5281250000000501
-0.5265625000000501
-0.5250000000000501
-0.5234375000000501
-0.52187500000005
-0.52031250000005
-0.51875000000005
-0.51718750000005
-0.51562500000005
-0.5140625000000499
-0.5125000000000499
-0.5109375000000499
-0.5093750000000499
-0.5078125000000498
-0.5062500000000498
-0.5046875000000498
-0.5031250000000498
-0.5015625000000498
-0.5000000000000497
-0.4984375000000497
-0.4968750000000497
-0.49531250000004967
-0.49375000000004965
-0.4921875000000496
-0.4906250000000496
-0.4890625000000496
-0.48750000000004956
-0.48593750000004954
-0.4843750000000495
-0.4828125000000495
-0.48125000000004947
-0.47968750000004945
-0.4781250000000494
-0.4765625000000494
-0.4750000000000494
-0.47343750000004936
-0.47187500000004934
-0.4703125000000493
-0.4687500000000493
-0.46718750000004927
-0.46562500000004925
-0.4640625000000492
-0.4625000000000492
-0.4609375000000492
-0.45937500000004916
-0.45781250000004914
-0.4562500000000491
-0.4546875000000491
-0.45312500000004907
-0.45156250000004905
-0.450000000000049
-0.448437500000049
-0.446875000000049
-0.44531250000004896
-0.44375000000004894
-0.4421875000000489
-0.4406250000000489
-0.43906250000004887
-0.43750000000004885
-0.4359375000000488
-0.4343750000000488
-0.4328125000000488
-0.43125000000004876
-0.42968750000004874
-0.4281250000000487
-0.4265625000000487
-0.42500000000004867
-0.42343750000004865
-0.42187500000004863
-0.4203125000000486
-0.4187500000000486
-0.41718750000004856
-0.41562500000004854
-0.4140625000000485
-0.4125000000000485
-0.4109375000000485
-0.40937500000004845
-0.40781250000004843
-0.4062500000000484
-0.4046875000000484
-0.40312500000004836
-0.40156250000004834
-0.4000000000000483
-0.3984375000000483
-0.3968750000000483
-0.39531250000004825
-0.39375000000004823
-0.3921875000000482
-0.3906250000000482
-0.38906250000004816
-0.38750000000004814
-0.3859375000000481
-0.3843750000000481
-0.3828125000000481
-0.38125000000004805
-0.37968750000004803
-0.378125000000048
-0.376562500000048
-0.37500000000004796
-0.37343750000004794
-0.3718750000000479
-0.3703125000000479
-0.3687500000000479
-0.36718750000004785
-0.36562500000004783
-0.3640625000000478
-0.3625000000000478
-0.36093750000004776
-0.35937500000004774
-0.3578125000000477
-0.3562500000000477
-0.3546875000000477
-0.35312500000004765
-0.35156250000004763
-0.3500000000000476
-0.3484375000000476
-0.34687500000004756
-0.34531250000004754
-0.3437500000000475
-0.3421875000000475
-0.3406250000000475
-0.33906250000004745
-0.33750000000004743
-0.3359375000000474
-0.3343750000000474
-0.33281250000004736
-0.33125000000004734
-0.3296875000000473
-0.3281250000000473
-0.3265625000000473
-0.32500000000004725
-0.32343750000004723
-0.3218750000000472
-0.3203125000000472
-0.31875000000004716
-0.31718750000004714
-0.3156250000000471
-0.3140625000000471
-0.3125000000000471
-0.31093750000004705
-0.30937500000004703
-0.307812500000047
-0.306250000000047
-0.30468750000004696
-0.30312500000004694
-0.3015625000000469
-0.3000000000000469
-0.2984375000000469
-0.29687500000004685
-0.29531250000004683
-0.2937500000000468
-0.2921875000000468
-0.29062500000004676
-0.28906250000004674
-0.2875000000000467
-0.2859375000000467
-0.2843750000000467
-0.28281250000004665
-0.28125000000004663
-0.2796875000000466
-0.2781250000000466
-0.27656250000004656
-0.27500000000004654
-0.2734375000000465
-0.2718750000000465
-0.2703125000000465
-0.26875000000004645
-0.26718750000004643
-0.2656250000000464
-0.2640625000000464
-0.26250000000004636
-0.26093750000004634
-0.2593750000000463
-0.2578125000000463
-0.2562500000000463
-0.25468750000004625
-0.25312500000004623
-0.2515625000000462
-0.2500000000000462
-0.2484375000000462
-0.2468750000000462
-0.2453125000000462
-0.2437500000000462
-0.2421875000000462
-0.24062500000004622
-0.23906250000004622
-0.23750000000004623
-0.23593750000004624
-0.23437500000004624
-0.23281250000004625
-0.23125000000004625
-0.22968750000004626
-0.22812500000004626
-0.22656250000004627
-0.22500000000004627
-0.22343750000004628
-0.22187500000004629
-0.2203125000000463
-0.2187500000000463
-0.2171875000000463
-0.2156250000000463
-0.2140625000000463
-0.21250000000004632
-0.21093750000004632
-0.20937500000004633
-0.20781250000004634
-0.20625000000004634
-0.20468750000004635
-0.20312500000004635
-0.20156250000004636
-0.20000000000004636
-0.19843750000004637
-0.19687500000004637
-0.19531250000004638
-0.19375000000004639
-0.1921875000000464
-0.1906250000000464
-0.1890625000000464
-0.1875000000000464
-0.1859375000000464
-0.18437500000004642
-0.18281250000004642
-0.18125000000004643
-0.17968750000004644
-0.17812500000004644
-0.17656250000004645
-0.17500000000004645
-0.17343750000004646
-0.17187500000004646
-0.17031250000004647
-0.16875000000004647
-0.16718750000004648
-0.16562500000004649
-0.1640625000000465
-0.1625000000000465
-0.1609375000000465
-0.1593750000000465
-0.1578125000000465
-0.15625000000004652
-0.15468750000004652
-0.15312500000004653
-0.15156250000004653
-0.15000000000004654
-0.14843750000004655
-0.14687500000004655
-0.14531250000004656
-0.14375000000004656
-0.14218750000004657
-0.14062500000004657
-0.13906250000004658
-0.13750000000004658
-0.1359375000000466
-0.1343750000000466
-0.1328125000000466
-0.1312500000000466
-0.1296875000000466
-0.12812500000004662
-0.12656250000004662
-0.12500000000004663
-0.12343750000004663
-0.12187500000004664
-0.12031250000004665
-0.11875000000004665
-0.11718750000004666
-0.11562500000004666
-0.11406250000004667
-0.11250000000004667
-0.11093750000004668
-0.10937500000004668
-0.10781250000004669
-0.1062500000000467
-0.1046875000000467
-0.10312500000004671
-0.10156250000004671
-0.10000000000004672
-0.09843750000004672
-0.09687500000004673
-0.09531250000004673
-0.09375000000004674
-0.09218750000004675
-0.09062500000004675
-0.08906250000004676
-0.08750000000004676
-0.08593750000004677
-0.08437500000004677
-0.08281250000004678
-0.08125000000004678
-0.07968750000004679
-0.0781250000000468
-0.0765625000000468
-0.07500000000004681
-0.07343750000004681
-0.07187500000004682
-0.07031250000004682
-0.06875000000004683
-0.06718750000004683
-0.06562500000004684
-0.06406250000004685
-0.06250000000004685
-0.06093750000004685
-0.05937500000004685
-0.05781250000004685
-0.056250000000046846
-0.054687500000046844
-0.05312500000004684
-0.05156250000004684
-0.05000000000004684
-0.04843750000004684
-0.04687500000004684
-0.045312500000046836
-0.043750000000046835
-0.04218750000004683
-0.04062500000004683
-0.03906250000004683
-0.03750000000004683
-0.03593750000004683
-0.034375000000046826
-0.032812500000046825
-0.031250000000046824
-0.029687500000046822
-0.02812500000004682
-0.02656250000004682
-0.025000000000046818
-0.023437500000046817
-0.021875000000046815
-0.020312500000046814
-0.018750000000046813
-0.01718750000004681
-0.01562500000004681
-0.01406250000004681
-0.01250000000004681
-0.01093750000004681
-0.009375000000046811
-0.007812500000046812
-0.006250000000046812
-0.004687500000046812
-0.003125000000046812
-0.001562500000046812
-4.6811946680103134e-14
0.0015624999999531881
0.0031249999999531882
0.004687499999953188
0.006249999999953189
0.0078124999999531885
0.009374999999953188
0.010937499999953188
0.012499999999953187
0.014062499999953187
0.015624999999953187
0.017187499999953188
0.01874999999995319
0.02031249999995319
0.021874999999953192
0.023437499999953194
0.024999999999953195
0.026562499999953196
0.028124999999953198
0.0296874999999532
0.0312499999999532
0.0328124999999532
0.0343749999999532
0.0359374999999532
0.0374999999999532
0.039062499999953204
0.040624999999953205
0.04218749999995321
0.04374999999995321
0.04531249999995321
0.04687499999995321
0.04843749999995321
0.049999999999953214
0.051562499999953215
0.05312499999995322
0.05468749999995322
0.05624999999995322
0.05781249999995322
0.05937499999995322
0.060937499999953224
0.062499999999953225
0.06406249999995323
0.06562499999995322
0.06718749999995322
0.06874999999995321
0.0703124999999532
0.0718749999999532
0.07343749999995319
0.07499999999995319
0.07656249999995318
0.07812499999995318
0.07968749999995317
0.08124999999995317
0.08281249999995316
0.08437499999995315
0.08593749999995315
0.08749999999995314
0.08906249999995314
0.09062499999995313
0.09218749999995313
0.09374999999995312
0.09531249999995312
0.09687499999995311
0.0984374999999531
0.0999999999999531
0.1015624999999531
0.10312499999995309
0.10468749999995308
0.10624999999995308
0.10781249999995307
0.10937499999995307
0.11093749999995306
0.11249999999995305
0.11406249999995305
0.11562499999995304
0.11718749999995304
0.11874999999995303
0.12031249999995303
0.12187499999995302
0.12343749999995302
0.12499999999995301
0.126562499999953
0.128124999999953
0.129687499999953
0.131249999999953
0.13281249999995298
0.13437499999995298
0.13593749999995297
0.13749999999995297
0.13906249999995296
0.14062499999995295
0.14218749999995295
0.14374999999995294
0.14531249999995294
0.14687499999995293
0.14843749999995293
0.14999999999995292
0.15156249999995292
0.1531249999999529
0.1546874999999529
0.1562499999999529
0.1578124999999529
0.1593749999999529
0.16093749999995288
0.16249999999995288
0.16406249999995287
0.16562499999995287
0.16718749999995286
0.16874999999995285
0.17031249999995285
0.17187499999995284
0.17343749999995284
0.17499999999995283
0.17656249999995283
0.17812499999995282
0.17968749999995282
0.1812499999999528
0.1828124999999528
0.1843749999999528
0.1859374999999528
0.1874999999999528
0.18906249999995278
0.19062499999995278
0.19218749999995277
0.19374999999995277
0.19531249999995276
0.19687499999995275
0.19843749999995275
0.19999999999995274
0.20156249999995274
0.20312499999995273
0.20468749999995273
0.20624999999995272
0.20781249999995272
0.2093749999999527
0.2109374999999527
0.2124999999999527
0.2140624999999527
0.2156249999999527
0.21718749999995268
0.21874999999995268
0.22031249999995267
0.22187499999995267
0.22343749999995266
0.22499999999995265
0.22656249999995265
0.22812499999995264
0.22968749999995264
0.23124999999995263
0.23281249999995263
0.23437499999995262
0.23593749999995262
0.2374999999999526
0.2390624999999526
0.2406249999999526
0.2421874999999526
0.2437499999999526
0.24531249999995258
0.24687499999995258
0.24843749999995257
0.24999999999995257
0.25156249999995256
0.2531249999999526
0.2546874999999526
0.2562499999999526
0.25781249999995265
0.25937499999995267
0.2609374999999527
0.2624999999999527
0.26406249999995274
0.26562499999995276
0.2671874999999528
0.2687499999999528
0.2703124999999528
0.27187499999995285
0.27343749999995287
0.2749999999999529
0.2765624999999529
0.27812499999995294
0.27968749999995296
0.281249999999953
0.282812499999953
0.284374999999953
0.28593749999995305
0.28749999999995307
0.2890624999999531
0.2906249999999531
0.29218749999995314
0.29374999999995316
0.2953124999999532
0.2968749999999532
0.2984374999999532
0.29999999999995325
0.30156249999995327
0.3031249999999533
0.3046874999999533
0.30624999999995334
0.30781249999995336
0.3093749999999534
0.3109374999999534
0.3124999999999534
0.31406249999995345
0.31562499999995347
0.3171874999999535
0.3187499999999535
0.32031249999995354
0.32187499999995356
0.3234374999999536
0.3249999999999536
0.3265624999999536
0.32812499999995365
0.32968749999995367
0.3312499999999537
0.3328124999999537
0.33437499999995374
0.33593749999995376
0.3374999999999538
0.3390624999999538
0.3406249999999538
0.34218749999995385
0.34374999999995387
0.3453124999999539
0.3468749999999539
0.34843749999995394
0.34999999999995396
0.351562499999954
0.353124999999954
0.354687499999954
0.35624999999995405
0.35781249999995407
0.3593749999999541
0.3609374999999541
0.36249999999995414
0.36406249999995416
0.3656249999999542
0.3671874999999542
0.3687499999999542
0.37031249999995425
0.37187499999995427
0.3734374999999543
0.3749999999999543
0.37656249999995434
0.37812499999995436
0.3796874999999544
0.3812499999999544
0.3828124999999544
0.38437499999995445
0.38593749999995447
0.3874999999999545
0.3890624999999545
0.39062499999995454
0.39218749999995456
0.3937499999999546
0.3953124999999546
0.3968749999999546
0.39843749999995465
0.39999999999995467
0.4015624999999547
0.4031249999999547
0.40468749999995474
0.40624999999995476
0.4078124999999548
0.4093749999999548
0.4109374999999548
0.41249999999995485
0.41406249999995487
0.4156249999999549
0.4171874999999549
0.41874999999995494
0.42031249999995496
0.421874999999955
0.423437499999955
0.424999999999955
0.42656249999995505
0.42812499999995507
0.4296874999999551
0.4312499999999551
0.43281249999995514
0.43437499999995516
0.4359374999999552
0.4374999999999552
0.4390624999999552
0.44062499999995525
0.44218749999995527
0.4437499999999553
0.4453124999999553
0.44687499999995534
0.44843749999995536
0.4499999999999554
0.4515624999999554
0.4531249999999554
0.45468749999995545
0.45624999999995547
0.4578124999999555
0.4593749999999555
0.46093749999995554
0.46249999999995556
0.4640624999999556
0.4656249999999556
0.4671874999999556
0.46874999999995565
0.47031249999995567
0.4718749999999557
0.4734374999999557
0.47499999999995574
0.47656249999995576
0.4781249999999558
0.4796874999999558
0.4812499999999558
0.48281249999995585
0.48437499999995587
0.4859374999999559
0.4874999999999559
0.48906249999995594
0.49062499999995596
0.492187499999956
0.493749999999956
0.495312499999956
0.49687499999995605
0.49843749999995607
0.4999999999999561
0.5015624999999561
0.5031249999999561
0.5046874999999561
0.5062499999999561
0.5078124999999561
0.5093749999999562
0.5109374999999562
0.5124999999999562
0.5140624999999562
0.5156249999999563
0.5171874999999563
0.5187499999999563
0.5203124999999563
0.5218749999999563
0.5234374999999564
0.5249999999999564
0.5265624999999564
0.5281249999999564
0.5296874999999565
0.5312499999999565
0.5328124999999565
0.5343749999999565
0.5359374999999565
0.5374999999999566
0.5390624999999566
0.5406249999999566
0.5421874999999566
0.5437499999999567
0.5453124999999567
0.5468749999999567
0.5484374999999567
0.5499999999999567
0.5515624999999568
0.5531249999999568
0.5546874999999568
0.5562499999999568
0.5578124999999569
0.5593749999999569
0.5609374999999569
0.5624999999999569
0.564062499999957
0.565624999999957
0.567187499999957
0.568749999999957
0.570312499999957
0.5718749999999571
0.5734374999999571
0.5749999999999571
0.5765624999999571
0.5781249999999571
0.5796874999999572
0.5812499999999572
0.5828124999999572
0.5843749999999572
0.5859374999999573
0.5874999999999573
0.5890624999999573
0.5906249999999573
0.5921874999999573
0.5937499999999574
0.5953124999999574
0.5968749999999574
0.5984374999999574
0.5999999999999575
0.6015624999999575
0.6031249999999575
0.6046874999999575
0.6062499999999575
0.6078124999999576
0.6093749999999576
0.6109374999999576
0.6124999999999576
0.6140624999999577
0.6156249999999577
0.6171874999999577
0.6187499999999577
0.6203124999999577
0.6218749999999578
0.6234374999999578
0.6249999999999578
0.6265624999999578
0.6281249999999579
0.6296874999999579
0.6312499999999579
0.6328124999999579
0.634374999999958
0.635937499999958
0.637499999999958
0.639062499999958
0.640624999999958
0.6421874999999581
0.6437499999999581
0.6453124999999581
0.6468749999999581
0.6484374999999581
0.6499999999999582
0.6515624999999582
0.6531249999999582
0.6546874999999582
0.6562499999999583
0.6578124999999583
0.6593749999999583
0.6609374999999583
0.6624999999999583
0.6640624999999584
0.6656249999999584
0.6671874999999584
0.6687499999999584
0.6703124999999585
0.6718749999999585
0.6734374999999585
0.6749999999999585
0.6765624999999585
0.6781249999999586
0.6796874999999586
0.6812499999999586
0.6828124999999586
0.6843749999999587
0.6859374999999587
0.6874999999999587
0.6890624999999587
0.6906249999999587
0.6921874999999588
0.6937499999999588
0.6953124999999588
0.6968749999999588
0.6984374999999589
0.6999999999999589
0.7015624999999589
0.7031249999999589
0.7046874999999589
0.706249999999959
0.707812499999959
0.709374999999959
0.710937499999959
0.712499999999959
0.7140624999999591
0.7156249999999591
0.7171874999999591
0.7187499999999591
0.7203124999999592
0.7218749999999592
0.7234374999999592
0.7249999999999592
0.7265624999999593
0.7281249999999593
0.7296874999999593
0.7312499999999593
0.7328124999999593
0.7343749999999594
0.7359374999999594
0.7374999999999594
0.7390624999999594
0.7406249999999595
0.7421874999999595
0.7437499999999595
0.7453124999999595
0.7468749999999595
0.7484374999999596
0.7499999999999596
0.7515624999999596
0.7531249999999596
0.7546874999999597
0.7562499999999597
0.7578124999999597
0.7593749999999597
0.7609374999999597
0.7624999999999598
0.7640624999999598
0.7656249999999598
0.7671874999999598
0.7687499999999599
0.7703124999999599
0.7718749999999599
0.7734374999999599
0.7749999999999599
0.77656249999996
0.77812499999996
0.77968749999996
0.78124999999996
0.78281249999996
0.7843749999999601
0.7859374999999601
0.7874999999999601
0.7890624999999601
0.7906249999999602
0.7921874999999602
0.7937499999999602
0.7953124999999602
0.7968749999999603
0.7984374999999603
0.7999999999999603
0.8015624999999603
0.8031249999999603
0.8046874999999604
0.8062499999999604
0.8078124999999604
0.8093749999999604
0.8109374999999605
0.8124999999999605
0.8140624999999605
0.8156249999999605
0.8171874999999605
0.8187499999999606
0.8203124999999606
0.8218749999999606
0.8234374999999606
0.8249999999999607
0.8265624999999607
0.8281249999999607
0.8296874999999607
0.8312499999999607
0.8328124999999608
0.8343749999999608
0.8359374999999608
0.8374999999999608
0.8390624999999609
0.8406249999999609
0.8421874999999609
0.8437499999999609
0.8453124999999609
0.846874999999961
0.848437499999961
0.849999999999961
0.851562499999961
0.853124999999961
0.8546874999999611
0.8562499999999611
0.8578124999999611
0.8593749999999611
0.8609374999999612
0.8624999999999612
0.8640624999999612
0.8656249999999612
0.8671874999999613
0.8687499999999613
0.8703124999999613
0.8718749999999613
0.8734374999999613
0.8749999999999614
0.8765624999999614
0.8781249999999614
0.8796874999999614
0.8812499999999615
0.8828124999999615
0.8843749999999615
0.8859374999999615
0.8874999999999615
0.8890624999999616
0.8906249999999616
0.8921874999999616
0.8937499999999616
0.8953124999999617
0.8968749999999617
0.8984374999999617
0.8999999999999617
0.9015624999999617
0.9031249999999618
0.9046874999999618
0.9062499999999618
0.9078124999999618
0.9093749999999619
0.9109374999999619
0.9124999999999619
0.9140624999999619
0.9156249999999619
0.917187499999962
0.918749999999962
0.920312499999962
0.921874999999962
0.923437499999962
0.9249999999999621
0.9265624999999621
0.9281249999999621
0.9296874999999621
0.9312499999999622
0.9328124999999622
0.9343749999999622
0.9359374999999622
0.9374999999999623
0.9390624999999623
0.9406249999999623
0.9421874999999623
0.9437499999999623
0.9453124999999624
0.9468749999999624
0.9484374999999624
0.9499999999999624
0.9515624999999625
0.9531249999999625
0.9546874999999625
0.9562499999999625
0.9578124999999625
0.9593749999999626
0.9609374999999626
0.9624999999999626
0.9640624999999626
0.9656249999999627
0.9671874999999627
0.9687499999999627
0.9703124999999627
0.9718749999999627
0.9734374999999628
0.9749999999999628
0.9765624999999628
0.9781249999999628
0.9796874999999629
0.9812499999999629
0.9828124999999629
0.9843749999999629
0.9859374999999629
0.987499999999963
0.989062499999963
0.990624999999963
0.992187499999963
0.993749999999963
0.9953124999999631
0.9968749999999631
0.9984374999999631
0.9999999999999631
1.001562499999963
